frame, mode, freq_cmiv, factor, scale, energy_Ha, dE_kcal, status
1, 25, 3049, +0.1250, fine, -306.21010605, -0.0, OK
2, 25, 3049, -0.1250, fine, -306.21013415, -0.0, OK
3, 25, 3049, +0.2500, fine, -306.21004772, 0.0, OK
4, 25, 3049, -0.2500, fine, -306.21010290, -0.0, OK
5, 25, 3049, +0.3750, fine, -306.20996055, 0.1, OK
6, 25, 3049, -0.3750, fine, -306.21004076, 0.0, OK
7, 25, 3049, +0.5000, fine, -306.20984504, 0.2, OK
8, 25, 3049, -0.5000, fine, -306.20994718, 0.1, OK
9, 25, 3049, +0.6250, fine, -306.20970169, 0.2, OK
10, 25, 3049, -0.6250, fine, -306.20982162, 0.2, OK
11, 25, 3049, +0.7500, fine, -306.20953092, 0.4, OK
12, 25, 3049, -0.7500, fine, -306.20966353, 0.3, OK
13, 25, 3049, +0.8750, fine, -306.20933325, 0.5, OK
14, 25, 3049, -0.8750, fine, -306.20947230, 0.4, OK
15, 25, 3049, +1.0000, fine, -306.20910912, 0.6, OK
16, 25, 3049, -1.0000, fine, -306.20924740, 0.5, OK
17, 25, 3049, +0.7500, medium, -306.20829675, 1.1, OK
18, 25, 3049, -0.7500, medium, -306.20838057, 1.1, OK
19, 25, 3049, +0.9375, medium, -306.20735094, 1.7, OK
20, 25, 3049, -0.9375, medium, -306.20729637, 1.8, OK
21, 25, 3049, +1.1250, medium, -306.20622856, 2.4, OK
22, 25, 3049, -1.1250, medium, -306.20592888, 2.6, OK
23, 25, 3049, +1.3125, medium, -306.20493796, 3.2, OK
24, 25, 3049, -1.3125, medium, -306.20426461, 3.7, OK
25, 25, 3049, +1.5000, medium, -306.20348694, 4.1, OK
26, 25, 3049, -1.5000, medium, -306.20228933, 4.9, OK
27, 25, 3049, +0.5000, coarse, -306.20848740, 1.0, OK
28, 25, 3049, -0.5000, coarse, -306.20859016, 0.9, OK
29, 25, 3049, +1.0000, coarse, -306.20417022, 3.7, OK
30, 25, 3049, -1.0000, coarse, -306.20323258, 4.3, OK
31, 25, 3049, +1.5000, coarse, -306.19762568, 7.8, OK
32, 25, 3049, -1.5000, coarse, -306.19332790, 10.5, OK
33, 25, 3049, +2.0000, coarse, -306.18922825, 13.1, OK
34, 25, 3049, -2.0000, coarse, -306.17800524, 20.1, OK
35, 26, 3100, +0.1250, fine, -306.21012002, -0.0, OK
36, 26, 3100, -0.1250, fine, -306.21012001, -0.0, OK
37, 26, 3100, +0.2500, fine, -306.21007496, 0.0, OK
38, 26, 3100, -0.2500, fine, -306.21007497, 0.0, OK
39, 26, 3100, +0.3750, fine, -306.20999983, 0.1, OK
40, 26, 3100, -0.3750, fine, -306.20999985, 0.1, OK
41, 26, 3100, +0.5000, fine, -306.20989466, 0.1, OK
42, 26, 3100, -0.5000, fine, -306.20989463, 0.1, OK
43, 26, 3100, +0.6250, fine, -306.20975933, 0.2, OK
44, 26, 3100, -0.6250, fine, -306.20975930, 0.2, OK
45, 26, 3100, +0.7500, fine, -306.20959377, 0.3, OK
46, 26, 3100, -0.7500, fine, -306.20959378, 0.3, OK
47, 26, 3100, +0.8750, fine, -306.20939798, 0.4, OK
48, 26, 3100, -0.8750, fine, -306.20939797, 0.4, OK
49, 26, 3100, +1.0000, fine, -306.20917183, 0.6, OK
50, 26, 3100, -1.0000, fine, -306.20917186, 0.6, OK
51, 26, 3100, +0.7500, medium, -306.20832556, 1.1, OK
52, 26, 3100, -0.7500, medium, -306.20832553, 1.1, OK
53, 26, 3100, +0.9375, medium, -306.20730123, 1.8, OK
54, 26, 3100, -0.9375, medium, -306.20730124, 1.8, OK
55, 26, 3100, +1.1250, medium, -306.20604304, 2.5, OK
56, 26, 3100, -1.1250, medium, -306.20604302, 2.5, OK
57, 26, 3100, +1.3125, medium, -306.20454723, 3.5, OK
58, 26, 3100, -1.3125, medium, -306.20454725, 3.5, OK
59, 26, 3100, +1.5000, medium, -306.20280924, 4.6, OK
60, 26, 3100, -1.5000, medium, -306.20280926, 4.6, OK
61, 26, 3100, +0.5000, coarse, -306.20852733, 1.0, OK
62, 26, 3100, -0.5000, coarse, -306.20852732, 1.0, OK
63, 26, 3100, +1.0000, coarse, -306.20363482, 4.1, OK
64, 26, 3100, -1.0000, coarse, -306.20363478, 4.1, OK
65, 26, 3100, +1.5000, coarse, -306.19524745, 9.3, OK
66, 26, 3100, -1.5000, coarse, -306.19524745, 9.3, OK
67, 26, 3100, +2.0000, coarse, -306.18300798, 17.0, OK
68, 26, 3100, -2.0000, coarse, -306.18300800, 17.0, OK
69, 27, 3163, +0.1250, fine, -306.21011811, -0.0, OK
70, 27, 3163, -0.1250, fine, -306.21012187, -0.0, OK
71, 27, 3163, +0.2500, fine, -306.21007163, 0.0, OK
72, 27, 3163, -0.2500, fine, -306.21007823, 0.0, OK
73, 27, 3163, +0.3750, fine, -306.20999602, 0.1, OK
74, 27, 3163, -0.3750, fine, -306.21000357, 0.1, OK
75, 27, 3163, +0.5000, fine, -306.20989172, 0.1, OK
76, 27, 3163, -0.5000, fine, -306.20989739, 0.1, OK
77, 27, 3163, +0.6250, fine, -306.20975919, 0.2, OK
78, 27, 3163, -0.6250, fine, -306.20975924, 0.2, OK
79, 27, 3163, +0.7500, fine, -306.20959883, 0.3, OK
80, 27, 3163, -0.7500, fine, -306.20958854, 0.3, OK
81, 27, 3163, +0.8750, fine, -306.20941107, 0.4, OK
82, 27, 3163, -0.8750, fine, -306.20938480, 0.4, OK
83, 27, 3163, +1.0000, fine, -306.20919632, 0.6, OK
84, 27, 3163, -1.0000, fine, -306.20914748, 0.6, OK
85, 27, 3163, +0.9375, medium, -306.20747866, 1.6, OK
86, 27, 3163, -1.1250, medium, -306.20573192, 2.7, OK
87, 27, 3163, +1.3125, medium, -306.20507658, 3.2, OK
88, 27, 3163, +1.5000, medium, -306.20361745, 4.1, OK
89, 27, 3163, -1.5000, medium, -306.20204085, 5.1, OK
90, 27, 3163, +1.0000, coarse, -306.20430572, 3.6, OK
91, 27, 3163, -1.0000, coarse, -306.20299495, 4.5, OK
92, 27, 3163, +1.5000, coarse, -306.19764463, 7.8, OK
93, 27, 3163, -1.5000, coarse, -306.19301841, 10.7, OK
94, 27, 3163, +2.0000, coarse, -306.18891006, 13.3, OK
95, 27, 3163, -2.0000, coarse, -306.17765047, 20.4, OK
96, 28, 3164, +0.1250, fine, -306.21011894, -0.0, OK
97, 28, 3164, -0.1250, fine, -306.21012104, -0.0, OK
98, 28, 3164, +0.2500, fine, -306.21007295, 0.0, OK
99, 28, 3164, -0.2500, fine, -306.21007693, 0.0, OK
100, 28, 3164, +0.3750, fine, -306.20999712, 0.1, OK
101, 28, 3164, -0.3750, fine, -306.21000253, 0.1, OK
102, 28, 3164, +0.5000, fine, -306.20989154, 0.1, OK
103, 28, 3164, -0.5000, fine, -306.20989775, 0.1, OK
104, 28, 3164, +0.6250, fine, -306.20975634, 0.2, OK
105, 28, 3164, -0.6250, fine, -306.20976244, 0.2, OK
106, 28, 3164, +0.7500, fine, -306.20959152, 0.3, OK
107, 28, 3164, -0.7500, fine, -306.20959643, 0.3, OK
108, 28, 3164, +0.8750, fine, -306.20939723, 0.4, OK
109, 28, 3164, -0.8750, fine, -306.20939958, 0.4, OK
110, 28, 3164, +1.0000, fine, -306.20917346, 0.6, OK
111, 28, 3164, -1.0000, fine, -306.20917173, 0.6, OK
112, 28, 3164, -0.7500, medium, -306.20831573, 1.1, OK
113, 28, 3164, +1.1250, medium, -306.20612241, 2.5, OK
114, 28, 3164, -1.1250, medium, -306.20599197, 2.6, OK
115, 28, 3164, +1.3125, medium, -306.20468480, 3.4, OK
116, 28, 3164, -1.3125, medium, -306.20446188, 3.5, OK
117, 28, 3164, +1.5000, medium, -306.20302804, 4.4, OK
118, 28, 3164, -1.5000, medium, -306.20267949, 4.7, OK
119, 28, 3164, -1.0000, coarse, -306.20352664, 4.1, OK
120, 28, 3164, +1.5000, coarse, -306.19596129, 8.9, OK
121, 28, 3164, -1.5000, coarse, -306.19489243, 9.5, OK
122, 28, 3164, +2.0000, coarse, -306.18491056, 15.8, OK
123, 28, 3164, -2.0000, coarse, -306.18224860, 17.5, OK
124, 29, 3179, +0.1250, fine, -306.21011987, -0.0, OK
125, 29, 3179, -0.1250, fine, -306.21012015, -0.0, OK
126, 29, 3179, +0.2500, fine, -306.21007525, 0.0, OK
127, 29, 3179, -0.2500, fine, -306.21007473, 0.0, OK
128, 29, 3179, +0.3750, fine, -306.21000167, 0.1, OK
129, 29, 3179, -0.3750, fine, -306.20999818, 0.1, OK
130, 29, 3179, +0.5000, fine, -306.20989964, 0.1, OK
131, 29, 3179, -0.5000, fine, -306.20988997, 0.1, OK
132, 29, 3179, +0.6250, fine, -306.20976962, 0.2, OK
133, 29, 3179, -0.6250, fine, -306.20974954, 0.2, OK
134, 29, 3179, +0.7500, fine, -306.20961216, 0.3, OK
135, 29, 3179, -0.7500, fine, -306.20957635, 0.3, OK
136, 29, 3179, +0.8750, fine, -306.20942772, 0.4, OK
137, 29, 3179, -0.8750, fine, -306.20936973, 0.5, OK
138, 29, 3179, +1.0000, fine, -306.20921677, 0.6, OK
139, 29, 3179, -1.0000, fine, -306.20912912, 0.6, OK
140, 29, 3179, +0.7500, medium, -306.20844316, 1.0, OK
141, 29, 3179, +0.9375, medium, -306.20753330, 1.6, OK
142, 29, 3179, -0.9375, medium, -306.20708154, 1.9, OK
143, 29, 3179, +1.1250, medium, -306.20644717, 2.3, OK
144, 29, 3179, -1.1250, medium, -306.20566233, 2.8, OK
145, 29, 3179, +1.3125, medium, -306.20519317, 3.1, OK
146, 29, 3179, -1.3125, medium, -306.20394192, 3.9, OK
147, 29, 3179, +1.5000, medium, -306.20377940, 4.0, OK
148, 29, 3179, -1.5000, medium, -306.20190535, 5.1, OK
149, 29, 3179, +0.5000, coarse, -306.20862563, 0.9, OK
150, 29, 3179, +1.0000, coarse, -306.20444555, 3.5, OK
151, 29, 3179, -1.0000, coarse, -306.20287738, 4.5, OK
152, 29, 3179, +1.5000, coarse, -306.19804764, 7.6, OK
153, 29, 3179, -1.5000, coarse, -306.19269411, 10.9, OK
154, 29, 3179, +2.0000, coarse, -306.18981253, 12.7, OK
155, 29, 3179, -2.0000, coarse, -306.17696174, 20.8, OK
156, 30, 3323, +0.1250, fine, -306.21011450, -0.0, OK
157, 30, 3323, -0.1250, fine, -306.21012551, -0.0, OK
158, 30, 3323, +0.2500, fine, -306.21006334, 0.0, OK
159, 30, 3323, -0.2500, fine, -306.21008654, 0.0, OK
160, 30, 3323, +0.3750, fine, -306.20998100, 0.1, OK
161, 30, 3323, -0.3750, fine, -306.21001867, 0.0, OK
162, 30, 3323, +0.5000, fine, -306.20986682, 0.1, OK
163, 30, 3323, -0.5000, fine, -306.20992243, 0.1, OK
164, 30, 3323, +0.6250, fine, -306.20972016, 0.2, OK
165, 30, 3323, -0.6250, fine, -306.20979836, 0.2, OK
166, 30, 3323, +0.7500, fine, -306.20954041, 0.4, OK
167, 30, 3323, -0.7500, fine, -306.20964699, 0.3, OK
168, 30, 3323, +0.8750, fine, -306.20932686, 0.5, OK
169, 30, 3323, -0.8750, fine, -306.20946879, 0.4, OK
170, 30, 3323, +1.0000, fine, -306.20907885, 0.6, OK
171, 30, 3323, -1.0000, fine, -306.20926429, 0.5, OK
172, 30, 3323, -0.5625, medium, -306.20921671, 0.6, OK
173, 30, 3323, +0.7500, medium, -306.20813798, 1.2, OK
174, 30, 3323, -0.7500, medium, -306.20851087, 1.0, OK
175, 30, 3323, +0.9375, medium, -306.20697521, 2.0, OK
176, 30, 3323, -0.9375, medium, -306.20762126, 1.6, OK
177, 30, 3323, +1.1250, medium, -306.20551627, 2.9, OK
178, 30, 3323, -1.1250, medium, -306.20655651, 2.2, OK
179, 30, 3323, +1.3125, medium, -306.20374394, 4.0, OK
180, 30, 3323, -1.3125, medium, -306.20532468, 3.0, OK
181, 30, 3323, +1.5000, medium, -306.20163973, 5.3, OK
182, 30, 3323, -1.5000, medium, -306.20393323, 3.9, OK
183, 30, 3323, +0.5000, coarse, -306.20836406, 1.1, OK
184, 30, 3323, -0.5000, coarse, -306.20868890, 0.9, OK
185, 30, 3323, +1.0000, coarse, -306.20264487, 4.7, OK
186, 30, 3323, -1.0000, coarse, -306.20458920, 3.5, OK
187, 30, 3323, +1.5000, coarse, -306.19203596, 11.3, OK
188, 30, 3323, -1.5000, coarse, -306.19826531, 7.4, OK
189, 30, 3323, +2.0000, coarse, -306.17532301, 21.8, OK
190, 30, 3323, -2.0000, coarse, -306.19003834, 12.6, OK
